0[
0 0 0 0 0 0 0 0 7 0 0 0 1 0 0 0 0 0 0 0 0 0 0 0 0 0 0 0 0 0 0 0 0 0 0 0 0 0 0 0 0 3 2 7 14 24 46 67 108 137 254 347 483 626 785 1135 1262 1631 1756 2201 2355 2514 2767 2943 2958 2921 2876 2907 2869 2873 2899 3043 2919 3041 3107 3238 3224 3140 3218 3189 3004 3030 3078 3008 2787 2834 2960 2962 2940 2911 2949 3107 2983 2922 3045 3017 2738 2826 2700 2818 2710 2618 2559 2777 2611 2643 2597 2582 2622 2560 2538 2558 2531 2517 2660 2641 2756 2867 2872 3066 2912 3011 2813 2909 2780 2745 2527 2097 2202 1984 1854 1756 1499 1331 1237 1146 1027 1015 874 905 839 866 808 849 801 870 791 801 796 770 757 889 838 863 914 868 844 880 967 972 837 924 901 924 830 809 819 897 797 802 797 784 746 721 725 673 674 629 633 641 632 652 580 599 575 583 580 511 525 471 421 393 297 330 274 219 191 183 166 152 109 108 75 91 67 67 61 56 37 30 27 23 19 24 18 8 7 4 2 1 0 0 0 3 1 1 0 0 0 0 0 0 0 0 0 0 0 0 0 0 0 0 0 0 0 0 0 0 0 0 0 0 0 0 0 0 ]
1[
0 0 0 11 65 111 164 261 308 431 537 682 846 912 1074 1350 1480 1681 1621 2064 1835 2048 1989 1911 2258 2129 1748 1776 1850 1687 1605 1661 1355 1360 1189 1278 1062 1027 1052 1084 1013 1026 915 926 1029 1013 1023 875 1110 1057 862 1120 927 1073 1069 1004 1275 1274 1129 1266 1495 1548 1591 2046 1706 1998 1704 2022 1705 1800 1674 1766 1593 1711 1474 1491 1566 1456 1445 1524 1371 1545 1278 1606 1364 1475 1513 1537 1813 1863 1681 1885 2170 1907 2008 1948 2325 2094 1713 2084 1670 1811 1720 1743 1603 1693 1386 1515 1639 1542 1588 1540 1784 1751 1425 1836 1604 1565 1581 1507 1762 1769 1448 1654 1872 1914 1844 2103 1925 2023 1811 2206 1907 1968 2026 2096 2032 2029 1730 1607 1666 1454 1341 1354 1247 1213 942 1152 931 1080 981 904 1006 1003 814 779 848 817 756 828 690 696 579 622 514 528 499 506 450 504 414 483 504 473 474 452 621 587 512 611 652 723 645 656 850 777 720 719 812 741 646 703 778 767 611 800 699 795 781 830 816 912 843 851 847 788 687 700 573 499 377 388 288 294 241 201 168 167 125 114 102 108 68 57 54 49 16 18 10 7 5 9 2 1 1 0 2 0 0 0 0 0 1 0 0 2 0 0 1 0 0 0 0 0 0 0 ]
2[
0 0 0 0 0 0 0 0 0 0 0 0 0 0 0 0 0 0 0 0 0 0 0 0 0 0 0 0 0 0 0 0 0 0 0 0 0 0 0 0 0 0 0 0 0 0 0 0 0 0 0 0 0 0 1 0 1 1 1 8 6 10 9 20 37 32 41 53 74 103 132 179 193 242 238 336 386 404 483 607 628 771 785 1001 1016 1177 1269 1332 1446 1487 1457 1574 1585 1591 1557 1569 1660 1648 1420 1559 1418 1384 1319 1342 1156 1120 955 969 828 782 752 737 719 700 628 673 587 617 610 592 557 593 552 566 582 559 571 520 664 650 618 730 594 667 675 685 771 715 667 740 744 766 765 772 817 817 744 806 760 777 812 797 799 861 814 910 907 918 888 1011 879 996 912 952 884 1074 977 1073 1040 1216 1250 1403 1534 1639 1682 1776 1874 1769 1582 1743 1441 1477 1483 1409 1437 1449 1389 1479 1592 1655 1657 1666 1857 1896 1813 1979 1814 1956 1928 2055 2012 2303 2333 2670 2787 3232 3154 3476 3424 3516 3102 3176 2787 2885 2630 2731 2664 2955 2955 3360 3554 4138 3987 4057 4327 3713 3185 2929 2551 2432 2195 2256 1960 2126 2186 2265 2417 2445 2282 1826 1972 1456 1137 986 748 749 667 582 428 357 313 302 242 178 67 112 ]
0[
0 0 0 0 0 0 0 0 7 0 0 0 1 0 0 0 0 0 0 0 0 0 0 0 0 0 0 0 0 0 0 0 0 0 0 0 0 0 0 0 0 3 2 7 14 24 46 67 108 137 254 347 483 626 785 1135 1262 1631 1756 2201 2355 2514 2767 2943 2958 2921 2876 2907 2869 2873 2899 3043 2919 3041 3107 3238 3224 3140 3218 3189 3004 3030 3078 3008 2787 2834 2960 2962 2940 2911 2949 3107 2983 2922 3045 3017 2738 2826 2700 2818 2710 2618 2559 2777 2611 2643 2597 2582 2622 2560 2538 2558 2531 2517 2660 2641 2756 2867 2872 3066 2912 3011 2813 2909 2780 2745 2527 2097 2202 1984 1854 1756 1499 1331 1237 1146 1027 1015 874 905 839 866 808 849 801 870 791 801 796 770 757 889 838 863 914 868 844 880 967 972 837 924 901 924 830 809 819 897 797 802 797 784 746 721 725 673 674 629 633 641 632 652 580 599 575 583 580 511 525 471 421 393 297 330 274 219 191 183 166 152 109 108 75 91 67 67 61 56 37 30 27 23 19 24 18 8 7 4 2 1 0 0 0 3 1 1 0 0 0 0 0 0 0 0 0 0 0 0 0 0 0 0 0 0 0 0 0 0 0 0 0 0 0 0 0 0 ]
1[
0 0 0 11 65 111 164 261 308 431 537 682 846 912 1074 1350 1480 1681 1621 2064 1835 2048 1989 1911 2258 2129 1748 1776 1850 1687 1605 1661 1355 1360 1189 1278 1062 1027 1052 1084 1013 1026 915 926 1029 1013 1023 875 1110 1057 862 1120 927 1073 1069 1004 1275 1274 1129 1266 1495 1548 1591 2046 1706 1998 1704 2022 1705 1800 1674 1766 1593 1711 1474 1491 1566 1456 1445 1524 1371 1545 1278 1606 1364 1475 1513 1537 1813 1863 1681 1885 2170 1907 2008 1948 2325 2094 1713 2084 1670 1811 1720 1743 1603 1693 1386 1515 1639 1542 1588 1540 1784 1751 1425 1836 1604 1565 1581 1507 1762 1769 1448 1654 1872 1914 1844 2103 1925 2023 1811 2206 1907 1968 2026 2096 2032 2029 1730 1607 1666 1454 1341 1354 1247 1213 942 1152 931 1080 981 904 1006 1003 814 779 848 817 756 828 690 696 579 622 514 528 499 506 450 504 414 483 504 473 474 452 621 587 512 611 652 723 645 656 850 777 720 719 812 741 646 703 778 767 611 800 699 795 781 830 816 912 843 851 847 788 687 700 573 499 377 388 288 294 241 201 168 167 125 114 102 108 68 57 54 49 16 18 10 7 5 9 2 1 1 0 2 0 0 0 0 0 1 0 0 2 0 0 1 0 0 0 0 0 0 0 ]
2[
0 0 0 0 0 0 0 0 0 0 0 0 0 0 0 0 0 0 0 0 0 0 0 0 0 0 0 0 0 0 0 0 0 0 0 0 0 0 0 0 0 0 0 0 0 0 0 0 0 0 0 0 0 0 1 0 1 1 1 8 6 10 9 20 37 32 41 53 74 103 132 179 193 242 238 336 386 404 483 607 628 771 785 1001 1016 1177 1269 1332 1446 1487 1457 1574 1585 1591 1557 1569 1660 1648 1420 1559 1418 1384 1319 1342 1156 1120 955 969 828 782 752 737 719 700 628 673 587 617 610 592 557 593 552 566 582 559 571 520 664 650 618 730 594 667 675 685 771 715 667 740 744 766 765 772 817 817 744 806 760 777 812 797 799 861 814 910 907 918 888 1011 879 996 912 952 884 1074 977 1073 1040 1216 1250 1403 1534 1639 1682 1776 1874 1769 1582 1743 1441 1477 1483 1409 1437 1449 1389 1479 1592 1655 1657 1666 1857 1896 1813 1979 1814 1956 1928 2055 2012 2303 2333 2670 2787 3232 3154 3476 3424 3516 3102 3176 2787 2885 2630 2731 2664 2955 2955 3360 3554 4138 3987 4057 4327 3713 3185 2929 2551 2432 2195 2256 1960 2126 2186 2265 2417 2445 2282 1826 1972 1456 1137 986 748 749 667 582 428 357 313 302 242 178 67 112 ]
0[
0 0 0 0 0 0 0 0 19792474 19792466 19792466 19792466 19792467 19792466 19792466 19792466 19792466 19792466 19792466 19792466 19792466 19792466 19792466 19792466 19792466 19792466 19792466 19792466 19792466 19792466 19792466 19792466 19792466 19792466 19792466 19792466 19792466 19792466 19792466 19792466 19792466 19792470 19792468 19792474 7 18 44 69 117 151 289 398 558 726 913 1324 1473 1907 2054 2577 2757 2944 3242 3448 3466 3423 3370 3406 3362 3366 3397 3566 3420 3564 3641 3795 3779 3680 3772 3738 3520 3551 3607 3525 3265 3320 3468 3471 3445 3411 3456 3641 3495 3424 3568 3535 3208 3311 3163 3302 3175 3067 2997 3253 3058 3096 3042 3024 3071 2998 2973 2996 2964 2948 3116 3094 3229 3359 3365 3593 3412 3528 3296 3409 3257 3216 2960 2454 2578 2322 2169 2054 1752 1554 1444 1337 1197 1183 1017 1054 976 1008 940 988 931 1012 920 931 925 895 880 1035 975 1004 1064 1010 982 1024 1126 1132 974 1076 1049 1076 965 941 953 1044 927 933 927 911 867 837 842 781 782 729 734 743 733 756 672 694 666 675 672 591 607 544 485 452 339 378 312 247 215 205 185 169 118 117 78 97 69 69 62 56 34 25 22 17 12 18 11 0 19792474 19792471 19792468 19792467 19792466 19792466 19792466 19792470 19792467 19792467 0 0 0 0 0 0 0 0 0 0 0 0 0 0 0 0 0 0 0 0 0 0 0 0 0 0 0 0 0 0 ]
1[
0 0 0 8 64 112 167 268 317 445 555 706 877 946 1114 1401 1537 1746 1684 2145 1906 2128 2067 1985 2347 2212 1816 1845 1922 1752 1667 1725 1407 1412 1234 1327 1102 1065 1091 1125 1051 1064 949 960 1067 1051 1061 907 1152 1097 894 1162 961 1113 1109 1041 1323 1322 1171 1314 1552 1608 1652 2126 1772 2076 1770 2101 1771 1870 1739 1834 1654 1777 1531 1548 1626 1512 1500 1583 1423 1604 1327 1668 1416 1532 1571 1596 1883 1935 1746 1958 2255 1981 2086 2024 2416 2176 1779 2165 1735 1881 1787 1811 1665 1758 1439 1573 1702 1601 1649 1599 1853 1819 1480 1907 1666 1625 1642 1565 1830 1838 1503 1718 1945 1989 1916 2185 2000 2102 1881 2292 1981 2045 2105 2178 2111 2108 1797 1669 1730 1510 1392 1406 1294 1259 977 1195 965 1120 1017 937 1043 1040 844 807 879 847 783 858 715 721 599 644 531 546 516 523 465 521 427 499 521 489 490 467 643 607 529 632 675 749 668 679 881 805 746 745 842 768 669 728 806 795 632 829 724 824 809 860 846 946 874 882 878 817 711 725 593 516 389 400 296 302 247 206 171 170 126 115 103 109 67 56 53 47 13 15 7 4 2 6 17530477 17530476 17530476 17530475 17530477 17530475 17530475 17530475 17530475 17530475 17530476 17530475 17530475 17530477 17530475 17530475 17530476 0 0 0 0 0 0 0 ]
2[
0 0 0 0 0 0 0 0 0 0 0 0 0 0 0 0 0 0 0 0 0 0 0 0 0 0 0 0 0 0 0 0 0 0 0 0 0 0 0 0 0 0 0 0 0 0 0 0 0 0 0 0 0 0 21474768 21474767 21474768 21474768 21474768 21474777 21474775 21474780 21474779 21474793 21474814 21474808 21474819 21474835 25 62 99 159 177 239 234 359 423 446 546 705 731 914 932 1207 1226 1431 1549 1629 1774 1827 1788 1938 1952 1959 1916 1931 2047 2032 1741 1918 1739 1695 1612 1642 1405 1359 1148 1166 986 928 889 870 847 823 731 789 679 717 708 685 641 687 634 652 673 643 659 594 777 759 719 861 688 781 791 804 914 842 781 874 879 907 906 915 972 972 879 958 900 921 966 947 949 1028 969 1091 1087 1101 1063 1220 1051 1201 1093 1144 1058 1300 1176 1299 1257 1481 1524 1719 1887 2020 2075 2195 2320 2186 1948 2153 1768 1814 1821 1727 1763 1778 1702 1816 1960 2041 2043 2055 2298 2348 2242 2454 2244 2425 2389 2551 2496 2867 2905 3335 3484 4051 3952 4363 4296 4414 3886 3980 3484 3609 3284 3413 3327 3698 3698 4215 4462 5207 5014 5103 5448 4665 3992 3665 3183 3031 2729 2807 2430 2641 2718 2819 3012 3048 2840 2259 2445 1787 1380 1188 884 886 781 673 476 386 330 316 239 158 16 112 ]
0[
0 0 0 0 0 0 0 0 7 0 0 0 1 0 0 0 0 0 0 0 0 0 0 0 0 0 0 0 0 0 0 0 0 0 0 0 0 0 0 0 0 3 2 7 14 24 46 67 108 137 254 347 483 626 785 1135 1262 1631 1756 2201 2355 2514 2767 2943 2958 2921 2876 2907 2869 2873 2899 3043 2919 3041 3107 3238 3224 3140 3218 3189 3004 3030 3078 3008 2787 2834 2960 2962 2940 2911 2949 3107 2983 2922 3045 3017 2738 2826 2700 2818 2710 2618 2559 2777 2611 2643 2597 2582 2622 2560 2538 2558 2531 2517 2660 2641 2756 2867 2872 3066 2912 3011 2813 2909 2780 2745 2527 2097 2202 1984 1854 1756 1499 1331 1237 1146 1027 1015 874 905 839 866 808 849 801 870 791 801 796 770 757 889 838 863 914 868 844 880 967 972 837 924 901 924 830 809 819 897 797 802 797 784 746 721 725 673 674 629 633 641 632 652 580 599 575 583 580 511 525 471 421 393 297 330 274 219 191 183 166 152 109 108 75 91 67 67 61 56 37 30 27 23 19 24 18 8 7 4 2 1 0 0 0 3 1 1 0 0 0 0 0 0 0 0 0 0 0 0 0 0 0 0 0 0 0 0 0 0 0 0 0 0 0 0 0 0 ]
1[
0 0 0 11 65 111 164 261 308 431 537 682 846 912 1074 1350 1480 1681 1621 2064 1835 2048 1989 1911 2258 2129 1748 1776 1850 1687 1605 1661 1355 1360 1189 1278 1062 1027 1052 1084 1013 1026 915 926 1029 1013 1023 875 1110 1057 862 1120 927 1073 1069 1004 1275 1274 1129 1266 1495 1548 1591 2046 1706 1998 1704 2022 1705 1800 1674 1766 1593 1711 1474 1491 1566 1456 1445 1524 1371 1545 1278 1606 1364 1475 1513 1537 1813 1863 1681 1885 2170 1907 2008 1948 2325 2094 1713 2084 1670 1811 1720 1743 1603 1693 1386 1515 1639 1542 1588 1540 1784 1751 1425 1836 1604 1565 1581 1507 1762 1769 1448 1654 1872 1914 1844 2103 1925 2023 1811 2206 1907 1968 2026 2096 2032 2029 1730 1607 1666 1454 1341 1354 1247 1213 942 1152 931 1080 981 904 1006 1003 814 779 848 817 756 828 690 696 579 622 514 528 499 506 450 504 414 483 504 473 474 452 621 587 512 611 652 723 645 656 850 777 720 719 812 741 646 703 778 767 611 800 699 795 781 830 816 912 843 851 847 788 687 700 573 499 377 388 288 294 241 201 168 167 125 114 102 108 68 57 54 49 16 18 10 7 5 9 2 1 1 0 2 0 0 0 0 0 1 0 0 2 0 0 1 0 0 0 0 0 0 0 ]
2[
0 0 0 0 0 0 0 0 0 0 0 0 0 0 0 0 0 0 0 0 0 0 0 0 0 0 0 0 0 0 0 0 0 0 0 0 0 0 0 0 0 0 0 0 0 0 0 0 0 0 0 0 0 0 1 0 1 1 1 8 6 10 9 20 37 32 41 53 74 103 132 179 193 242 238 336 386 404 483 607 628 771 785 1001 1016 1177 1269 1332 1446 1487 1457 1574 1585 1591 1557 1569 1660 1648 1420 1559 1418 1384 1319 1342 1156 1120 955 969 828 782 752 737 719 700 628 673 587 617 610 592 557 593 552 566 582 559 571 520 664 650 618 730 594 667 675 685 771 715 667 740 744 766 765 772 817 817 744 806 760 777 812 797 799 861 814 910 907 918 888 1011 879 996 912 952 884 1074 977 1073 1040 1216 1250 1403 1534 1639 1682 1776 1874 1769 1582 1743 1441 1477 1483 1409 1437 1449 1389 1479 1592 1655 1657 1666 1857 1896 1813 1979 1814 1956 1928 2055 2012 2303 2333 2670 2787 3232 3154 3476 3424 3516 3102 3176 2787 2885 2630 2731 2664 2955 2955 3360 3554 4138 3987 4057 4327 3713 3185 2929 2551 2432 2195 2256 1960 2126 2186 2265 2417 2445 2282 1826 1972 1456 1137 986 748 749 667 582 428 357 313 302 242 178 67 112 ]
0[
0 0 0 0 0 0 0 0 7 0 0 0 1 0 0 0 0 0 0 0 0 0 0 0 0 0 0 0 0 0 0 0 0 0 0 0 0 0 0 0 0 3 2 7 14 24 46 67 108 137 254 347 483 626 785 1135 1262 1631 1756 2201 2355 2514 2767 2943 2958 2921 2876 2907 2869 2873 2899 3043 2919 3041 3107 3238 3224 3140 3218 3189 3004 3030 3078 3008 2787 2834 2960 2962 2940 2911 2949 3107 2983 2922 3045 3017 2738 2826 2700 2818 2710 2618 2559 2777 2611 2643 2597 2582 2622 2560 2538 2558 2531 2517 2660 2641 2756 2867 2872 3066 2912 3011 2813 2909 2780 2745 2527 2097 2202 1984 1854 1756 1499 1331 1237 1146 1027 1015 874 905 839 866 808 849 801 870 791 801 796 770 757 889 838 863 914 868 844 880 967 972 837 924 901 924 830 809 819 897 797 802 797 784 746 721 725 673 674 629 633 641 632 652 580 599 575 583 580 511 525 471 421 393 297 330 274 219 191 183 166 152 109 108 75 91 67 67 61 56 37 30 27 23 19 24 18 8 7 4 2 1 0 0 0 3 1 1 0 0 0 0 0 0 0 0 0 0 0 0 0 0 0 0 0 0 0 0 0 0 0 0 0 0 0 0 0 0 ]
1[
0 0 0 11 65 111 164 261 308 431 537 682 846 912 1074 1350 1480 1681 1621 2064 1835 2048 1989 1911 2258 2129 1748 1776 1850 1687 1605 1661 1355 1360 1189 1278 1062 1027 1052 1084 1013 1026 915 926 1029 1013 1023 875 1110 1057 862 1120 927 1073 1069 1004 1275 1274 1129 1266 1495 1548 1591 2046 1706 1998 1704 2022 1705 1800 1674 1766 1593 1711 1474 1491 1566 1456 1445 1524 1371 1545 1278 1606 1364 1475 1513 1537 1813 1863 1681 1885 2170 1907 2008 1948 2325 2094 1713 2084 1670 1811 1720 1743 1603 1693 1386 1515 1639 1542 1588 1540 1784 1751 1425 1836 1604 1565 1581 1507 1762 1769 1448 1654 1872 1914 1844 2103 1925 2023 1811 2206 1907 1968 2026 2096 2032 2029 1730 1607 1666 1454 1341 1354 1247 1213 942 1152 931 1080 981 904 1006 1003 814 779 848 817 756 828 690 696 579 622 514 528 499 506 450 504 414 483 504 473 474 452 621 587 512 611 652 723 645 656 850 777 720 719 812 741 646 703 778 767 611 800 699 795 781 830 816 912 843 851 847 788 687 700 573 499 377 388 288 294 241 201 168 167 125 114 102 108 68 57 54 49 16 18 10 7 5 9 2 1 1 0 2 0 0 0 0 0 1 0 0 2 0 0 1 0 0 0 0 0 0 0 ]
2[
0 0 0 0 0 0 0 0 0 0 0 0 0 0 0 0 0 0 0 0 0 0 0 0 0 0 0 0 0 0 0 0 0 0 0 0 0 0 0 0 0 0 0 0 0 0 0 0 0 0 0 0 0 0 1 0 1 1 1 8 6 10 9 20 37 32 41 53 74 103 132 179 193 242 238 336 386 404 483 607 628 771 785 1001 1016 1177 1269 1332 1446 1487 1457 1574 1585 1591 1557 1569 1660 1648 1420 1559 1418 1384 1319 1342 1156 1120 955 969 828 782 752 737 719 700 628 673 587 617 610 592 557 593 552 566 582 559 571 520 664 650 618 730 594 667 675 685 771 715 667 740 744 766 765 772 817 817 744 806 760 777 812 797 799 861 814 910 907 918 888 1011 879 996 912 952 884 1074 977 1073 1040 1216 1250 1403 1534 1639 1682 1776 1874 1769 1582 1743 1441 1477 1483 1409 1437 1449 1389 1479 1592 1655 1657 1666 1857 1896 1813 1979 1814 1956 1928 2055 2012 2303 2333 2670 2787 3232 3154 3476 3424 3516 3102 3176 2787 2885 2630 2731 2664 2955 2955 3360 3554 4138 3987 4057 4327 3713 3185 2929 2551 2432 2195 2256 1960 2126 2186 2265 2417 2445 2282 1826 1972 1456 1137 986 748 749 667 582 428 357 313 302 242 178 67 112 ]
0[
7 0 0 0 0 0 0 0 0 19976581 19976581 19976581 19976582 19976581 19976581 19976581 19976581 19976581 19976581 19976581 19976581 19976581 19976581 19976581 19976581 19976581 19976581 19976581 19976581 19976581 19976581 19976581 19976581 19976581 19976581 19976581 19976581 19976581 19976581 19976581 19976581 19976584 19976583 19976589 5 17 43 68 117 151 290 400 562 731 920 1335 1486 1923 2072 2599 2782 2971 3271 3479 3497 3453 3400 3437 3392 3396 3427 3598 3451 3596 3674 3829 3813 3713 3806 3771 3552 3583 3639 3556 3294 3350 3500 3502 3476 3441 3486 3674 3527 3454 3600 3567 3236 3341 3191 3331 3203 3094 3024 3282 3086 3124 3069 3051 3099 3025 2999 3023 2991 2974 3144 3121 3258 3389 3395 3625 3443 3560 3325 3439 3286 3245 2986 2476 2601 2342 2188 2072 1767 1567 1456 1348 1207 1193 1025 1062 984 1016 947 996 939 1021 927 939 933 902 887 1043 983 1012 1073 1018 990 1033 1136 1142 982 1085 1057 1085 973 948 960 1053 934 940 934 919 874 844 849 787 788 735 740 749 738 762 677 699 671 680 677 595 612 547 488 455 341 380 314 249 215 206 186 169 118 117 78 97 68 68 61 55 33 24 21 16 11 17 10 19976590 19976589 19976586 19976583 19976582 19976581 19976581 19976581 19976584 19976582 0 0 0 0 0 0 0 0 0 0 0 0 0 0 0 0 0 0 0 0 0 0 0 0 0 0 0 0 0 0 1 ]
1[
11 0 0 0 64 112 167 269 319 448 559 711 883 952 1122 1412 1548 1759 1696 2161 1921 2144 2083 2001 2365 2229 1830 1859 1937 1766 1680 1738 1417 1422 1243 1336 1110 1073 1099 1133 1058 1072 955 967 1075 1058 1069 914 1160 1105 900 1171 968 1121 1117 1049 1333 1332 1180 1324 1564 1620 1665 2142 1786 2092 1783 2117 1785 1884 1752 1849 1667 1791 1542 1560 1639 1523 1512 1595 1434 1617 1336 1681 1427 1543 1583 1608 1898 1950 1759 1973 2272 1996 2102 2040 2435 2193 1793 2182 1748 1896 1800 1824 1677 1772 1450 1585 1715 1613 1662 1611 1867 1833 1491 1922 1679 1638 1654 1577 1844 1852 1515 1731 1960 2004 1930 2202 2015 2118 1896 2310 1996 2060 2121 2195 2128 2125 1811 1682 1744 1521 1403 1416 1304 1268 984 1204 972 1129 1025 944 1051 1048 850 813 885 853 789 864 719 726 603 648 535 549 519 526 468 524 430 502 524 492 493 470 647 611 533 636 680 754 672 684 887 811 751 750 847 773 673 733 812 800 636 835 729 830 815 866 852 952 880 888 884 822 716 730 597 519 391 402 298 304 248 206 172 171 126 115 102 109 67 55 52 47 12 14 6 3 1 5 17674760 17674759 17674759 17674758 17674760 17674758 17674758 17674758 17674758 17674758 17674759 17674758 17674758 17674760 17674758 17674758 0 0 0 0 0 0 0 1 ]
2[
1 0 0 0 0 0 0 0 0 0 0 0 0 0 0 0 0 0 0 0 0 0 0 0 0 0 0 0 0 0 0 0 0 0 0 0 0 0 0 0 0 0 0 0 0 0 0 0 0 0 0 0 0 0 0 21582679 21582681 21582681 21582681 21582690 21582687 21582692 21582691 21582705 21582727 21582720 21582732 21582747 24 61 98 158 176 239 234 360 424 447 548 707 734 917 935 1212 1231 1437 1555 1636 1782 1834 1796 1946 1960 1968 1924 1940 2056 2041 1749 1927 1746 1702 1619 1649 1410 1364 1153 1171 990 931 893 873 850 826 734 791 681 720 711 688 643 689 636 654 675 645 661 595 780 762 721 864 690 784 794 807 917 845 784 877 882 911 909 918 976 976 882 962 903 925 970 950 953 1032 972 1095 1091 1105 1067 1225 1055 1205 1098 1149 1062 1305 1181 1304 1262 1487 1531 1727 1895 2029 2084 2205 2330 2196 1956 2163 1776 1822 1829 1735 1770 1786 1709 1824 1969 2050 2052 2064 2309 2359 2252 2465 2253 2435 2400 2562 2507 2880 2919 3350 3500 4071 3971 4383 4317 4434 3904 3999 3500 3626 3299 3429 3343 3716 3716 4235 4483 5231 5038 5128 5474 4687 4010 3682 3198 3045 2742 2820 2441 2653 2730 2831 3026 3062 2853 2269 2456 1795 1386 1192 888 889 784 675 477 386 330 316 239 157 15 112 ]
0[
0 0 0 0 0 0 0 0 7 0 0 0 1 0 0 0 0 0 0 0 0 0 0 0 0 0 0 0 0 0 0 0 0 0 0 0 0 0 0 0 0 3 2 7 14 24 46 67 108 137 254 347 483 626 785 1135 1262 1631 1756 2201 2355 2514 2767 2943 2958 2921 2876 2907 2869 2873 2899 3043 2919 3041 3107 3238 3224 3140 3218 3189 3004 3030 3078 3008 2787 2834 2960 2962 2940 2911 2949 3107 2983 2922 3045 3017 2738 2826 2700 2818 2710 2618 2559 2777 2611 2643 2597 2582 2622 2560 2538 2558 2531 2517 2660 2641 2756 2867 2872 3066 2912 3011 2813 2909 2780 2745 2527 2097 2202 1984 1854 1756 1499 1331 1237 1146 1027 1015 874 905 839 866 808 849 801 870 791 801 796 770 757 889 838 863 914 868 844 880 967 972 837 924 901 924 830 809 819 897 797 802 797 784 746 721 725 673 674 629 633 641 632 652 580 599 575 583 580 511 525 471 421 393 297 330 274 219 191 183 166 152 109 108 75 91 67 67 61 56 37 30 27 23 19 24 18 8 7 4 2 1 0 0 0 3 1 1 0 0 0 0 0 0 0 0 0 0 0 0 0 0 0 0 0 0 0 0 0 0 0 0 0 0 0 0 0 0 ]
1[
0 0 0 11 65 111 164 261 308 431 537 682 846 912 1074 1350 1480 1681 1621 2064 1835 2048 1989 1911 2258 2129 1748 1776 1850 1687 1605 1661 1355 1360 1189 1278 1062 1027 1052 1084 1013 1026 915 926 1029 1013 1023 875 1110 1057 862 1120 927 1073 1069 1004 1275 1274 1129 1266 1495 1548 1591 2046 1706 1998 1704 2022 1705 1800 1674 1766 1593 1711 1474 1491 1566 1456 1445 1524 1371 1545 1278 1606 1364 1475 1513 1537 1813 1863 1681 1885 2170 1907 2008 1948 2325 2094 1713 2084 1670 1811 1720 1743 1603 1693 1386 1515 1639 1542 1588 1540 1784 1751 1425 1836 1604 1565 1581 1507 1762 1769 1448 1654 1872 1914 1844 2103 1925 2023 1811 2206 1907 1968 2026 2096 2032 2029 1730 1607 1666 1454 1341 1354 1247 1213 942 1152 931 1080 981 904 1006 1003 814 779 848 817 756 828 690 696 579 622 514 528 499 506 450 504 414 483 504 473 474 452 621 587 512 611 652 723 645 656 850 777 720 719 812 741 646 703 778 767 611 800 699 795 781 830 816 912 843 851 847 788 687 700 573 499 377 388 288 294 241 201 168 167 125 114 102 108 68 57 54 49 16 18 10 7 5 9 2 1 1 0 2 0 0 0 0 0 1 0 0 2 0 0 1 0 0 0 0 0 0 0 ]
2[
0 0 0 0 0 0 0 0 0 0 0 0 0 0 0 0 0 0 0 0 0 0 0 0 0 0 0 0 0 0 0 0 0 0 0 0 0 0 0 0 0 0 0 0 0 0 0 0 0 0 0 0 0 0 1 0 1 1 1 8 6 10 9 20 37 32 41 53 74 103 132 179 193 242 238 336 386 404 483 607 628 771 785 1001 1016 1177 1269 1332 1446 1487 1457 1574 1585 1591 1557 1569 1660 1648 1420 1559 1418 1384 1319 1342 1156 1120 955 969 828 782 752 737 719 700 628 673 587 617 610 592 557 593 552 566 582 559 571 520 664 650 618 730 594 667 675 685 771 715 667 740 744 766 765 772 817 817 744 806 760 777 812 797 799 861 814 910 907 918 888 1011 879 996 912 952 884 1074 977 1073 1040 1216 1250 1403 1534 1639 1682 1776 1874 1769 1582 1743 1441 1477 1483 1409 1437 1449 1389 1479 1592 1655 1657 1666 1857 1896 1813 1979 1814 1956 1928 2055 2012 2303 2333 2670 2787 3232 3154 3476 3424 3516 3102 3176 2787 2885 2630 2731 2664 2955 2955 3360 3554 4138 3987 4057 4327 3713 3185 2929 2551 2432 2195 2256 1960 2126 2186 2265 2417 2445 2282 1826 1972 1456 1137 986 748 749 667 582 428 357 313 302 242 178 67 112 ]
0[
0 0 0 0 0 0 0 0 7 0 0 0 1 0 0 0 0 0 0 0 0 0 0 0 0 0 0 0 0 0 0 0 0 0 0 0 0 0 0 0 0 3 2 7 14 24 46 67 108 137 254 347 483 626 785 1135 1262 1631 1756 2201 2355 2514 2767 2943 2958 2921 2876 2907 2869 2873 2899 3043 2919 3041 3107 3238 3224 3140 3218 3189 3004 3030 3078 3008 2787 2834 2960 2962 2940 2911 2949 3107 2983 2922 3045 3017 2738 2826 2700 2818 2710 2618 2559 2777 2611 2643 2597 2582 2622 2560 2538 2558 2531 2517 2660 2641 2756 2867 2872 3066 2912 3011 2813 2909 2780 2745 2527 2097 2202 1984 1854 1756 1499 1331 1237 1146 1027 1015 874 905 839 866 808 849 801 870 791 801 796 770 757 889 838 863 914 868 844 880 967 972 837 924 901 924 830 809 819 897 797 802 797 784 746 721 725 673 674 629 633 641 632 652 580 599 575 583 580 511 525 471 421 393 297 330 274 219 191 183 166 152 109 108 75 91 67 67 61 56 37 30 27 23 19 24 18 8 7 4 2 1 0 0 0 3 1 1 0 0 0 0 0 0 0 0 0 0 0 0 0 0 0 0 0 0 0 0 0 0 0 0 0 0 0 0 0 0 ]
1[
0 0 0 11 65 111 164 261 308 431 537 682 846 912 1074 1350 1480 1681 1621 2064 1835 2048 1989 1911 2258 2129 1748 1776 1850 1687 1605 1661 1355 1360 1189 1278 1062 1027 1052 1084 1013 1026 915 926 1029 1013 1023 875 1110 1057 862 1120 927 1073 1069 1004 1275 1274 1129 1266 1495 1548 1591 2046 1706 1998 1704 2022 1705 1800 1674 1766 1593 1711 1474 1491 1566 1456 1445 1524 1371 1545 1278 1606 1364 1475 1513 1537 1813 1863 1681 1885 2170 1907 2008 1948 2325 2094 1713 2084 1670 1811 1720 1743 1603 1693 1386 1515 1639 1542 1588 1540 1784 1751 1425 1836 1604 1565 1581 1507 1762 1769 1448 1654 1872 1914 1844 2103 1925 2023 1811 2206 1907 1968 2026 2096 2032 2029 1730 1607 1666 1454 1341 1354 1247 1213 942 1152 931 1080 981 904 1006 1003 814 779 848 817 756 828 690 696 579 622 514 528 499 506 450 504 414 483 504 473 474 452 621 587 512 611 652 723 645 656 850 777 720 719 812 741 646 703 778 767 611 800 699 795 781 830 816 912 843 851 847 788 687 700 573 499 377 388 288 294 241 201 168 167 125 114 102 108 68 57 54 49 16 18 10 7 5 9 2 1 1 0 2 0 0 0 0 0 1 0 0 2 0 0 1 0 0 0 0 0 0 0 ]
2[
0 0 0 0 0 0 0 0 0 0 0 0 0 0 0 0 0 0 0 0 0 0 0 0 0 0 0 0 0 0 0 0 0 0 0 0 0 0 0 0 0 0 0 0 0 0 0 0 0 0 0 0 0 0 1 0 1 1 1 8 6 10 9 20 37 32 41 53 74 103 132 179 193 242 238 336 386 404 483 607 628 771 785 1001 1016 1177 1269 1332 1446 1487 1457 1574 1585 1591 1557 1569 1660 1648 1420 1559 1418 1384 1319 1342 1156 1120 955 969 828 782 752 737 719 700 628 673 587 617 610 592 557 593 552 566 582 559 571 520 664 650 618 730 594 667 675 685 771 715 667 740 744 766 765 772 817 817 744 806 760 777 812 797 799 861 814 910 907 918 888 1011 879 996 912 952 884 1074 977 1073 1040 1216 1250 1403 1534 1639 1682 1776 1874 1769 1582 1743 1441 1477 1483 1409 1437 1449 1389 1479 1592 1655 1657 1666 1857 1896 1813 1979 1814 1956 1928 2055 2012 2303 2333 2670 2787 3232 3154 3476 3424 3516 3102 3176 2787 2885 2630 2731 2664 2955 2955 3360 3554 4138 3987 4057 4327 3713 3185 2929 2551 2432 2195 2256 1960 2126 2186 2265 2417 2445 2282 1826 1972 1456 1137 986 748 749 667 582 428 357 313 302 242 178 67 112 ]
0[
2 1 0 1 0 8 6 10 9 0 0 20 37 0 32 41 53 74 0 0 103 132 0 179 193 242 0 0 238 336 386 0 404 483 0 607 0 628 771 785 0 1001 1016 0 1177 0 1269 1332 1446 1487 0 0 1457 1574 0 1585 1591 1557 0 0 1569 1660 1648 0 1420 1559 1418 0 0 1384 1319 1342 0 1156 1120 0 955 0 969 828 782 0 752 737 0 719 0 700 628 673 587 0 0 617 610 0 592 557 593 0 0 552 566 582 0 559 571 520 0 0 664 650 618 0 730 594 0 667 0 675 685 771 0 715 0 667 740 0 744 766 765 772 0 0 817 817 0 744 806 760 0 0 777 812 797 0 799 861 814 0 0 910 907 918 0 888 1011 0 879 0 996 912 952 0 884 0 1074 977 0 1073 1040 1216 1250 0 0 1403 1534 0 1639 1682 1776 0 0 1874 1769 1582 0 1743 1441 0 1477 0 1483 1409 1437 0 1449 1389 0 1479 0 1592 1655 1657 0 1666 0 1857 1896 0 1813 1979 1814 1956 0 0 1928 2055 0 2012 2303 2333 0 0 2670 2787 3232 0 3154 3476 0 3424 0 3516 3102 3176 0 2787 2885 0 2630 0 2731 2664 2955 0 2955 0 3360 3554 0 4138 3987 4057 0 51391 ]
1[
76 111 164 261 308 431 537 682 846 912 1074 1350 1480 1681 1621 2064 1835 2048 1989 1911 2258 0 2129 1748 1776 1850 1687 1605 1661 1355 1360 1189 1278 1062 1027 1052 1084 1013 1026 915 926 1029 0 1013 1023 875 1110 1057 862 1120 927 1073 1069 1004 1275 1274 1129 1266 1495 1548 1591 2046 1706 0 1998 1704 2022 1705 1800 1674 1766 1593 1711 1474 1491 1566 1456 1445 1524 1371 1545 1278 1606 1364 0 1475 1513 1537 1813 1863 1681 1885 2170 1907 2008 1948 2325 2094 1713 2084 1670 1811 1720 1743 1603 1693 0 1386 1515 1639 1542 1588 1540 1784 1751 1425 1836 1604 1565 1581 1507 1762 1769 1448 1654 1872 1914 0 1844 2103 1925 2023 1811 2206 1907 1968 2026 2096 2032 2029 1730 1607 1666 1454 1341 1354 1247 1213 0 942 1152 931 1080 981 904 1006 1003 814 779 848 817 756 828 690 696 579 622 514 528 0 499 506 450 504 414 483 504 473 474 452 621 587 512 611 652 723 645 656 850 777 720 0 719 812 741 646 703 778 767 611 800 699 795 781 830 816 912 843 851 847 788 687 0 700 573 499 377 388 288 294 241 201 168 167 125 114 102 108 68 57 54 49 16 0 18 10 7 5 9 2 1 1 0 2 0 0 0 0 0 1 0 0 2 0 0 1 ]
2[
0 0 0 0 0 0 0 0 0 0 0 0 0 0 0 0 0 0 0 0 0 0 0 0 0 0 0 0 0 0 0 0 0 0 0 0 0 0 0 0 0 0 0 0 0 0 0 0 0 0 0 0 0 1 0 1 1 0 1 8 6 10 9 0 20 37 32 41 53 74 0 103 132 179 193 242 0 238 336 386 404 483 0 607 628 771 785 1001 1016 0 1177 1269 1332 1446 1487 0 1457 1574 1585 1591 1557 0 1569 1660 1648 1420 1559 1418 0 1384 1319 1342 1156 1120 0 955 969 828 782 752 737 0 719 700 628 673 587 0 617 610 592 557 593 0 552 566 582 559 571 520 0 664 650 618 730 594 0 667 675 685 771 715 0 667 740 744 766 765 772 0 817 817 744 806 760 0 777 812 797 799 861 814 0 910 907 918 888 1011 0 879 996 912 952 884 0 1074 977 1073 1040 1216 1250 0 1403 1534 1639 1682 1776 0 1874 1769 1582 1743 1441 0 1477 1483 1409 1437 1449 1389 0 1479 1592 1655 1657 1666 0 1857 1896 1813 1979 1814 1956 0 1928 2055 2012 2303 2333 0 2670 2787 3232 3154 3476 0 3424 3516 3102 3176 2787 2885 0 2630 2731 2664 2955 2955 0 3360 3554 4138 3987 4057 0 51391 ]
0[
2 1 0 1 0 8 6 10 9 0 0 20 37 0 32 41 53 74 0 0 103 132 179 0 193 242 0 0 238 336 386 404 0 483 0 607 628 0 771 785 1001 0 1016 0 1177 1269 0 1332 1446 1487 0 0 1457 1574 1585 0 1591 1557 0 1569 0 1660 1648 1420 0 1559 1418 0 1384 0 1319 1342 1156 1120 0 0 955 969 0 828 782 752 737 0 0 719 700 628 0 673 587 0 0 0 617 610 592 0 557 593 0 0 552 566 582 559 0 571 520 0 664 0 650 618 730 0 594 0 667 675 0 685 771 715 0 0 667 740 744 0 766 765 772 0 0 817 817 744 806 0 760 0 777 0 812 797 799 861 0 814 0 910 0 907 918 888 1011 0 0 879 996 912 0 952 884 0 0 1074 977 1073 1040 0 1216 1250 0 1403 0 1534 1639 1682 0 1776 0 1874 1769 0 1582 1743 1441 0 0 1477 1483 1409 0 1437 1449 1389 0 0 1479 1592 1655 0 1657 1666 0 1857 0 1896 1813 1979 1814 0 1956 0 1928 0 2055 2012 2303 2333 0 0 2670 2787 3232 0 3154 3476 0 0 3424 3516 3102 3176 0 2787 2885 0 2630 0 2731 2664 2955 0 2955 0 3360 3554 0 4138 3987 4057 0 51391 ]
1[
187 164 261 308 431 537 682 846 912 1074 1350 1480 1681 1621 2064 1835 2048 1989 1911 2258 0 2129 1748 1776 1850 1687 1605 1661 1355 1360 1189 1278 1062 1027 1052 1084 1013 1026 915 926 1029 0 1013 1023 875 1110 1057 862 1120 927 1073 1069 1004 1275 1274 1129 1266 1495 1548 1591 2046 1706 0 1998 1704 2022 1705 1800 1674 1766 1593 1711 1474 1491 1566 1456 1445 1524 1371 1545 1278 1606 1364 0 1475 1513 1537 1813 1863 1681 1885 2170 1907 2008 1948 2325 2094 1713 2084 1670 1811 1720 1743 1603 1693 0 1386 1515 1639 1542 1588 1540 1784 1751 1425 1836 1604 1565 1581 1507 1762 1769 1448 1654 1872 1914 0 0 1844 2103 1925 2023 1811 2206 1907 1968 2026 2096 2032 2029 1730 1607 1666 1454 1341 1354 1247 1213 0 942 1152 931 1080 981 904 1006 1003 814 779 848 817 756 828 690 696 579 622 514 528 0 499 506 450 504 414 483 504 473 474 452 621 587 512 611 652 723 645 656 850 777 720 0 719 812 741 646 703 778 767 611 800 699 795 781 830 816 912 843 851 847 788 687 0 700 573 499 377 388 288 294 241 201 168 167 125 114 102 108 68 57 54 49 16 0 18 10 7 5 9 2 1 1 0 2 0 0 0 0 0 1 0 0 2 0 0 1 ]
2[
0 0 0 0 0 0 0 0 0 0 0 0 0 0 0 0 0 0 0 0 0 0 0 0 0 0 0 0 0 0 0 0 0 0 0 0 0 0 0 0 0 0 0 0 0 0 0 0 0 0 0 0 1 0 1 1 0 1 8 6 10 9 0 20 37 32 41 53 74 0 103 132 179 193 242 0 238 336 386 404 483 0 607 628 771 785 1001 1016 0 1177 1269 1332 1446 1487 0 1457 1574 1585 1591 1557 0 1569 1660 1648 1420 1559 1418 0 1384 1319 1342 1156 1120 0 955 969 828 782 752 737 0 719 700 628 673 587 0 0 617 610 592 557 593 0 552 566 582 559 571 520 0 664 650 618 730 594 0 667 675 685 771 715 0 667 740 744 766 765 772 0 817 817 744 806 760 0 777 812 797 799 861 814 0 910 907 918 888 1011 0 879 996 912 952 884 0 1074 977 1073 1040 1216 1250 0 1403 1534 1639 1682 1776 0 1874 1769 1582 1743 1441 0 1477 1483 1409 1437 1449 1389 0 1479 1592 1655 1657 1666 0 1857 1896 1813 1979 1814 1956 0 1928 2055 2012 2303 2333 0 2670 2787 3232 3154 3476 0 3424 3516 3102 3176 2787 2885 0 2630 2731 2664 2955 2955 0 3360 3554 4138 3987 4057 0 51391 ]
0[
2 1 0 1 0 8 6 10 9 0 0 20 37 0 32 41 53 74 0 0 103 132 0 179 193 242 0 0 238 336 386 0 404 483 0 607 0 628 771 785 0 1001 1016 0 1177 0 1269 1332 1446 1487 0 0 1457 1574 0 1585 1591 1557 0 0 1569 1660 1648 0 1420 1559 1418 0 0 1384 1319 1342 0 1156 1120 0 955 0 969 828 782 0 752 737 0 719 0 700 628 673 587 0 0 617 610 0 592 557 593 0 0 552 566 582 0 559 571 520 0 0 664 650 618 0 730 594 0 667 0 675 685 771 0 715 0 667 740 0 744 766 765 772 0 0 817 817 0 744 806 760 0 0 777 812 797 0 799 861 814 0 0 910 907 918 0 888 1011 0 879 0 996 912 952 0 884 0 1074 977 0 1073 1040 1216 1250 0 0 1403 1534 0 1639 1682 1776 0 0 1874 1769 1582 0 1743 1441 0 1477 0 1483 1409 1437 0 1449 1389 0 1479 0 1592 1655 1657 0 1666 0 1857 1896 0 1813 1979 1814 1956 0 0 1928 2055 0 2012 2303 2333 0 0 2670 2787 3232 0 3154 3476 0 3424 0 3516 3102 3176 0 2787 2885 0 2630 0 2731 2664 2955 0 2955 0 3360 3554 0 4138 3987 4057 0 51391 ]
1[
76 111 164 261 308 431 537 682 846 912 1074 1350 1480 1681 1621 2064 1835 2048 1989 1911 2258 0 2129 1748 1776 1850 1687 1605 1661 1355 1360 1189 1278 1062 1027 1052 1084 1013 1026 915 926 1029 0 1013 1023 875 1110 1057 862 1120 927 1073 1069 1004 1275 1274 1129 1266 1495 1548 1591 2046 1706 0 1998 1704 2022 1705 1800 1674 1766 1593 1711 1474 1491 1566 1456 1445 1524 1371 1545 1278 1606 1364 0 1475 1513 1537 1813 1863 1681 1885 2170 1907 2008 1948 2325 2094 1713 2084 1670 1811 1720 1743 1603 1693 0 1386 1515 1639 1542 1588 1540 1784 1751 1425 1836 1604 1565 1581 1507 1762 1769 1448 1654 1872 1914 0 1844 2103 1925 2023 1811 2206 1907 1968 2026 2096 2032 2029 1730 1607 1666 1454 1341 1354 1247 1213 0 942 1152 931 1080 981 904 1006 1003 814 779 848 817 756 828 690 696 579 622 514 528 0 499 506 450 504 414 483 504 473 474 452 621 587 512 611 652 723 645 656 850 777 720 0 719 812 741 646 703 778 767 611 800 699 795 781 830 816 912 843 851 847 788 687 0 700 573 499 377 388 288 294 241 201 168 167 125 114 102 108 68 57 54 49 16 0 18 10 7 5 9 2 1 1 0 2 0 0 0 0 0 1 0 0 2 0 0 1 ]
2[
0 0 0 0 0 0 0 0 0 0 0 0 0 0 0 0 0 0 0 0 0 0 0 0 0 0 0 0 0 0 0 0 0 0 0 0 0 0 0 0 0 0 0 0 0 0 0 0 0 0 0 0 0 1 0 1 1 0 1 8 6 10 9 0 20 37 32 41 53 74 0 103 132 179 193 242 0 238 336 386 404 483 0 607 628 771 785 1001 1016 0 1177 1269 1332 1446 1487 0 1457 1574 1585 1591 1557 0 1569 1660 1648 1420 1559 1418 0 1384 1319 1342 1156 1120 0 955 969 828 782 752 737 0 719 700 628 673 587 0 617 610 592 557 593 0 552 566 582 559 571 520 0 664 650 618 730 594 0 667 675 685 771 715 0 667 740 744 766 765 772 0 817 817 744 806 760 0 777 812 797 799 861 814 0 910 907 918 888 1011 0 879 996 912 952 884 0 1074 977 1073 1040 1216 1250 0 1403 1534 1639 1682 1776 0 1874 1769 1582 1743 1441 0 1477 1483 1409 1437 1449 1389 0 1479 1592 1655 1657 1666 0 1857 1896 1813 1979 1814 1956 0 1928 2055 2012 2303 2333 0 2670 2787 3232 3154 3476 0 3424 3516 3102 3176 2787 2885 0 2630 2731 2664 2955 2955 0 3360 3554 4138 3987 4057 0 51391 ]
0[
2 1 0 1 0 8 6 10 9 0 0 20 37 0 32 41 53 74 0 0 103 132 0 179 193 242 0 0 238 336 386 0 404 483 0 607 0 628 771 785 0 1001 1016 0 1177 0 1269 1332 1446 1487 0 0 1457 1574 0 1585 1591 1557 0 0 1569 1660 1648 0 1420 1559 1418 0 0 1384 1319 1342 0 1156 1120 0 955 0 969 828 782 0 752 737 0 719 0 700 628 673 587 0 0 617 610 0 592 557 593 0 0 552 566 582 0 559 571 520 0 0 664 650 618 0 730 594 0 667 0 675 685 771 0 715 0 667 740 0 744 766 765 772 0 0 817 817 0 744 806 760 0 0 777 812 797 0 799 861 814 0 0 910 907 918 0 888 1011 0 879 0 996 912 952 0 884 0 1074 977 0 1073 1040 1216 1250 0 0 1403 1534 0 1639 1682 1776 0 0 1874 1769 1582 0 1743 1441 0 1477 0 1483 1409 1437 0 1449 1389 0 1479 0 1592 1655 1657 0 1666 0 1857 1896 0 1813 1979 1814 1956 0 0 1928 2055 0 2012 2303 2333 0 0 2670 2787 3232 0 3154 3476 0 3424 0 3516 3102 3176 0 2787 2885 0 2630 0 2731 2664 2955 0 2955 0 3360 3554 0 4138 3987 4057 0 51391 ]
1[
76 111 164 261 308 431 537 682 846 912 1074 1350 1480 1681 1621 2064 1835 2048 1989 1911 2258 0 2129 1748 1776 1850 1687 1605 1661 1355 1360 1189 1278 1062 1027 1052 1084 1013 1026 915 926 1029 0 1013 1023 875 1110 1057 862 1120 927 1073 1069 1004 1275 1274 1129 1266 1495 1548 1591 2046 1706 0 1998 1704 2022 1705 1800 1674 1766 1593 1711 1474 1491 1566 1456 1445 1524 1371 1545 1278 1606 1364 0 1475 1513 1537 1813 1863 1681 1885 2170 1907 2008 1948 2325 2094 1713 2084 1670 1811 1720 1743 1603 1693 0 1386 1515 1639 1542 1588 1540 1784 1751 1425 1836 1604 1565 1581 1507 1762 1769 1448 1654 1872 1914 0 1844 2103 1925 2023 1811 2206 1907 1968 2026 2096 2032 2029 1730 1607 1666 1454 1341 1354 1247 1213 0 942 1152 931 1080 981 904 1006 1003 814 779 848 817 756 828 690 696 579 622 514 528 0 499 506 450 504 414 483 504 473 474 452 621 587 512 611 652 723 645 656 850 777 720 0 719 812 741 646 703 778 767 611 800 699 795 781 830 816 912 843 851 847 788 687 0 700 573 499 377 388 288 294 241 201 168 167 125 114 102 108 68 57 54 49 16 0 18 10 7 5 9 2 1 1 0 2 0 0 0 0 0 1 0 0 2 0 0 1 ]
2[
0 0 0 0 0 0 0 0 0 0 0 0 0 0 0 0 0 0 0 0 0 0 0 0 0 0 0 0 0 0 0 0 0 0 0 0 0 0 0 0 0 0 0 0 0 0 0 0 0 0 0 0 0 1 0 1 1 0 1 8 6 10 9 0 20 37 32 41 53 74 0 103 132 179 193 242 0 238 336 386 404 483 0 607 628 771 785 1001 1016 0 1177 1269 1332 1446 1487 0 1457 1574 1585 1591 1557 0 1569 1660 1648 1420 1559 1418 0 1384 1319 1342 1156 1120 0 955 969 828 782 752 737 0 719 700 628 673 587 0 617 610 592 557 593 0 552 566 582 559 571 520 0 664 650 618 730 594 0 667 675 685 771 715 0 667 740 744 766 765 772 0 817 817 744 806 760 0 777 812 797 799 861 814 0 910 907 918 888 1011 0 879 996 912 952 884 0 1074 977 1073 1040 1216 1250 0 1403 1534 1639 1682 1776 0 1874 1769 1582 1743 1441 0 1477 1483 1409 1437 1449 1389 0 1479 1592 1655 1657 1666 0 1857 1896 1813 1979 1814 1956 0 1928 2055 2012 2303 2333 0 2670 2787 3232 3154 3476 0 3424 3516 3102 3176 2787 2885 0 2630 2731 2664 2955 2955 0 3360 3554 4138 3987 4057 0 51391 ]
0[
4046 1262 1631 1756 0 2201 2355 2514 2767 0 2943 2958 2921 0 2876 2907 2869 2873 0 2899 3043 2919 0 3041 3107 3238 3224 0 3140 3218 3189 0 3004 3030 3078 3008 0 2787 2834 2960 0 2962 2940 2911 2949 0 3107 2983 2922 3045 0 3017 2738 2826 0 2700 2818 2710 2618 0 2559 2777 2611 0 2643 2597 2582 2622 0 2560 2538 2558 0 2531 2517 2660 2641 0 2756 2867 2872 0 3066 2912 3011 2813 0 2909 2780 2745 2527 0 2097 2202 1984 0 1854 1756 1499 1331 0 1237 1146 1027 0 1015 874 905 839 0 866 808 849 0 801 870 791 801 0 796 770 757 0 889 838 863 914 0 868 844 880 967 0 972 837 924 0 901 924 830 809 0 819 897 797 0 802 797 784 746 0 721 725 673 0 674 629 633 641 0 632 652 580 0 599 575 583 580 0 511 525 471 421 0 393 297 330 0 274 219 191 183 0 166 152 109 0 108 75 91 67 0 67 61 56 0 37 30 27 23 0 19 24 18 0 8 7 4 2 0 1 0 0 0 0 3 1 1 0 0 0 0 0 0 0 0 0 0 0 0 0 0 0 0 0 0 0 0 0 0 0 0 0 0 0 0 0 0 0 0 0 0 0 0 0 0 ]
1[
76 111 164 261 308 431 537 682 846 912 1074 1350 1480 1681 1621 2064 1835 2048 1989 1911 2258 0 2129 1748 1776 1850 1687 1605 1661 1355 1360 1189 1278 1062 1027 1052 1084 1013 1026 915 926 1029 0 1013 1023 875 1110 1057 862 1120 927 1073 1069 1004 1275 1274 1129 1266 1495 1548 1591 2046 1706 0 1998 1704 2022 1705 1800 1674 1766 1593 1711 1474 1491 1566 1456 1445 1524 1371 1545 1278 1606 1364 0 1475 1513 1537 1813 1863 1681 1885 2170 1907 2008 1948 2325 2094 1713 2084 1670 1811 1720 1743 1603 1693 0 1386 1515 1639 1542 1588 1540 1784 1751 1425 1836 1604 1565 1581 1507 1762 1769 1448 1654 1872 1914 0 1844 2103 1925 2023 1811 2206 1907 1968 2026 2096 2032 2029 1730 1607 1666 1454 1341 1354 1247 1213 0 942 1152 931 1080 981 904 1006 1003 814 779 848 817 756 828 690 696 579 622 514 528 0 499 506 450 504 414 483 504 473 474 452 621 587 512 611 652 723 645 656 850 777 720 0 719 812 741 646 703 778 767 611 800 699 795 781 830 816 912 843 851 847 788 687 0 700 573 499 377 388 288 294 241 201 168 167 125 114 102 108 68 57 54 49 16 0 18 10 7 5 9 2 1 1 0 2 0 0 0 0 0 1 0 0 2 0 0 1 ]
2[
0 0 0 0 0 0 0 0 0 0 0 0 0 0 0 0 0 0 0 0 0 0 0 0 0 0 0 0 0 0 0 0 0 0 0 0 0 0 0 0 0 0 0 0 0 0 0 0 0 0 0 0 0 1 0 1 1 0 1 8 6 10 9 0 20 37 32 41 53 74 0 103 132 179 193 242 0 238 336 386 404 483 0 607 628 771 785 1001 1016 0 1177 1269 1332 1446 1487 0 1457 1574 1585 1591 1557 0 1569 1660 1648 1420 1559 1418 0 1384 1319 1342 1156 1120 0 955 969 828 782 752 737 0 719 700 628 673 587 0 617 610 592 557 593 0 552 566 582 559 571 520 0 664 650 618 730 594 0 667 675 685 771 715 0 667 740 744 766 765 772 0 817 817 744 806 760 0 777 812 797 799 861 814 0 910 907 918 888 1011 0 879 996 912 952 884 0 1074 977 1073 1040 1216 1250 0 1403 1534 1639 1682 1776 0 1874 1769 1582 1743 1441 0 1477 1483 1409 1437 1449 1389 0 1479 1592 1655 1657 1666 0 1857 1896 1813 1979 1814 1956 0 1928 2055 2012 2303 2333 0 2670 2787 3232 3154 3476 0 3424 3516 3102 3176 2787 2885 0 2630 2731 2664 2955 2955 0 3360 3554 4138 3987 4057 0 51391 ]
0[
122998 2700 2818 2710 0 2618 0 2559 2777 0 2611 0 2643 0 2597 2582 2622 0 0 2560 2538 2558 0 0 2531 2517 2660 0 2641 0 2756 2867 0 2872 0 3066 2912 0 3011 2813 0 0 2909 2780 2745 2527 0 0 2097 2202 0 1984 0 1854 1756 0 1499 1331 0 1237 0 1146 1027 0 0 1015 874 905 839 0 0 866 808 849 0 0 801 870 0 791 801 0 796 0 770 757 0 889 0 838 863 914 0 0 868 844 880 0 967 0 972 0 837 924 0 901 0 924 830 809 0 0 819 897 797 0 0 802 797 784 0 746 0 721 725 0 673 0 674 0 629 633 641 0 0 632 652 580 0 0 599 575 583 0 580 0 511 525 0 471 421 0 0 393 297 330 0 0 274 219 191 183 0 0 166 152 0 109 0 108 75 0 91 67 0 67 0 61 56 0 0 37 30 27 23 0 0 19 24 18 0 0 8 7 0 4 2 0 1 0 0 0 0 0 0 3 1 1 0 0 0 0 0 0 0 0 0 0 0 0 0 0 0 0 0 0 0 0 0 0 0 0 0 0 0 0 0 0 0 0 0 0 0 0 0 0 0 0 0 0 0 0 0 0 0 0 ]
1[
187 164 261 308 431 537 682 846 912 1074 1350 1480 1681 1621 2064 1835 2048 1989 1911 2258 0 2129 1748 1776 1850 1687 1605 1661 1355 1360 1189 1278 1062 1027 1052 1084 1013 1026 915 926 1029 0 1013 1023 875 1110 1057 862 1120 927 1073 1069 1004 1275 1274 1129 1266 1495 1548 1591 2046 1706 0 1998 1704 2022 1705 1800 1674 1766 1593 1711 1474 1491 1566 1456 1445 1524 1371 1545 1278 1606 1364 0 1475 1513 1537 1813 1863 1681 1885 2170 1907 2008 1948 2325 2094 1713 2084 1670 1811 1720 1743 1603 1693 0 1386 1515 1639 1542 1588 1540 1784 1751 1425 1836 1604 1565 1581 1507 1762 1769 1448 1654 1872 1914 0 0 1844 2103 1925 2023 1811 2206 1907 1968 2026 2096 2032 2029 1730 1607 1666 1454 1341 1354 1247 1213 0 942 1152 931 1080 981 904 1006 1003 814 779 848 817 756 828 690 696 579 622 514 528 0 499 506 450 504 414 483 504 473 474 452 621 587 512 611 652 723 645 656 850 777 720 0 719 812 741 646 703 778 767 611 800 699 795 781 830 816 912 843 851 847 788 687 0 700 573 499 377 388 288 294 241 201 168 167 125 114 102 108 68 57 54 49 16 0 18 10 7 5 9 2 1 1 0 2 0 0 0 0 0 1 0 0 2 0 0 1 ]
2[
0 0 0 0 0 0 0 0 0 0 0 0 0 0 0 0 0 0 0 0 0 0 0 0 0 0 0 0 0 0 0 0 0 0 0 0 0 0 0 0 0 0 0 0 0 0 0 0 0 0 0 0 0 0 0 0 0 0 0 0 0 1 0 0 1 1 0 1 8 6 0 10 9 0 20 37 0 32 41 53 74 0 0 103 132 179 193 242 0 0 238 336 386 404 483 0 0 607 628 771 785 0 1001 1016 0 1177 1269 1332 0 1446 1487 0 1457 1574 0 1585 1591 1557 0 1569 1660 0 1648 1420 1559 1418 0 0 1384 1319 1342 1156 1120 0 0 955 969 828 782 752 0 737 0 719 700 628 0 673 587 0 617 610 0 592 557 593 0 552 566 0 582 559 571 520 0 0 664 650 618 730 594 0 0 667 675 685 771 715 0 0 667 740 744 766 0 765 772 0 817 817 744 0 806 760 0 777 812 0 797 799 861 814 0 0 910 907 918 888 1011 0 0 879 996 912 952 884 0 0 1074 977 1073 1040 1216 0 1250 0 1403 1534 1639 0 1682 1776 0 1874 1769 0 1582 1743 1441 0 1477 1483 0 1409 1437 1449 1389 0 0 1479 1592 1655 1657 1666 0 140577 ]
0[
217631 0 0 1015 0 874 905 839 0 0 0 866 0 808 849 0 0 0 801 870 0 0 791 801 0 0 796 0 0 770 757 0 0 889 0 838 0 863 914 0 0 0 868 844 0 880 0 967 0 0 972 0 0 837 924 0 0 901 0 924 0 830 809 0 0 0 819 897 0 797 0 0 0 802 797 784 0 0 746 0 0 721 725 0 0 673 0 674 0 0 629 633 641 0 0 0 632 0 652 580 0 0 0 599 575 0 583 0 580 0 0 511 525 0 0 471 421 0 0 0 393 0 297 330 0 0 0 274 219 0 191 183 0 0 0 166 152 0 0 109 0 0 108 75 0 0 91 67 0 0 67 0 61 0 56 0 0 0 37 30 27 0 23 0 0 0 19 24 18 0 0 0 8 7 0 0 4 2 0 0 1 0 0 0 0 0 0 0 0 3 0 1 1 0 0 0 0 0 0 0 0 0 0 0 0 0 0 0 0 0 0 0 0 0 0 0 0 0 0 0 0 0 0 0 0 0 0 0 0 0 0 0 0 0 0 0 0 0 0 0 0 0 0 0 0 0 0 0 0 0 0 0 0 0 0 0 ]
1[
351 261 308 431 537 682 846 912 1074 1350 1480 1681 1621 2064 1835 2048 1989 1911 2258 0 2129 1748 1776 1850 1687 1605 1661 1355 1360 1189 1278 1062 1027 1052 1084 1013 1026 915 926 1029 0 1013 1023 875 1110 1057 862 1120 927 1073 1069 1004 1275 1274 1129 1266 1495 1548 1591 2046 1706 0 1998 1704 2022 1705 1800 1674 1766 1593 1711 1474 1491 1566 1456 1445 1524 1371 1545 1278 1606 1364 0 1475 1513 1537 1813 1863 1681 1885 2170 1907 2008 1948 2325 2094 1713 2084 1670 1811 1720 1743 1603 1693 0 1386 1515 1639 1542 1588 1540 1784 1751 1425 1836 1604 1565 1581 1507 1762 1769 1448 1654 1872 1914 0 0 0 1844 2103 1925 2023 1811 2206 1907 1968 2026 2096 2032 2029 1730 1607 1666 1454 1341 1354 1247 1213 0 942 1152 931 1080 981 904 1006 1003 814 779 848 817 756 828 690 696 579 622 514 528 0 499 506 450 504 414 483 504 473 474 452 621 587 512 611 652 723 645 656 850 777 720 0 719 812 741 646 703 778 767 611 800 699 795 781 830 816 912 843 851 847 788 687 0 700 573 499 377 388 288 294 241 201 168 167 125 114 102 108 68 57 54 49 16 0 18 10 7 5 9 2 1 1 0 2 0 0 0 0 0 1 0 0 2 0 0 1 ]
2[
0 0 0 0 0 0 0 0 0 0 0 0 0 0 0 0 0 0 0 0 0 0 0 0 0 0 0 0 0 0 0 0 0 0 0 0 0 0 0 0 0 0 0 0 0 0 0 0 0 0 0 0 0 0 0 0 0 0 0 0 0 0 0 0 0 0 0 0 0 0 0 0 0 0 1 0 0 0 1 1 0 0 1 8 6 0 0 10 9 0 20 0 37 0 32 41 0 53 74 0 0 0 103 132 179 193 242 0 0 0 238 336 0 386 404 483 0 0 0 607 628 771 0 785 0 1001 1016 0 0 1177 1269 1332 0 0 1446 1487 0 0 1457 1574 0 1585 0 1591 1557 0 1569 0 1660 0 1648 1420 0 1559 1418 0 0 1384 0 1319 1342 1156 1120 0 0 0 955 969 0 828 782 752 0 0 737 0 719 700 0 628 0 673 587 0 0 617 610 0 0 592 557 593 0 0 552 566 0 582 0 559 571 520 0 0 0 664 650 618 730 0 594 0 0 667 0 675 685 771 715 0 0 0 667 740 0 744 766 0 765 0 772 0 817 817 0 744 0 806 760 0 0 777 812 0 0 797 799 861 814 0 0 0 910 907 0 187783 ]
0[
247529 0 0 0 746 0 0 0 721 725 0 0 0 0 673 0 0 674 0 0 0 629 633 0 641 0 0 0 0 632 0 0 652 0 580 0 0 0 0 599 0 575 0 0 583 0 0 580 0 0 0 511 525 0 0 0 471 0 421 0 0 0 0 0 393 0 297 0 330 0 0 0 0 0 274 219 0 0 191 183 0 0 0 0 0 166 152 0 0 0 0 109 0 0 0 108 75 0 0 0 0 91 67 0 0 0 67 0 0 61 0 0 56 0 0 0 0 0 37 30 0 27 0 23 0 0 0 0 0 19 0 24 18 0 0 0 0 0 8 7 0 0 0 4 0 2 0 0 0 1 0 0 0 0 0 0 0 0 0 0 0 0 3 0 0 1 1 0 0 0 0 0 0 0 0 0 0 0 0 0 0 0 0 0 0 0 0 0 0 0 0 0 0 0 0 0 0 0 0 0 0 0 0 0 0 0 0 0 0 0 0 0 0 0 0 0 0 0 0 0 0 0 0 0 0 0 0 0 0 0 0 0 0 0 0 0 0 0 0 0 0 0 0 0 0 0 0 0 0 0 0 0 0 0 0 0 ]
1[
612 308 431 537 682 846 912 1074 1350 1480 1681 1621 2064 1835 2048 1989 1911 2258 0 2129 1748 1776 1850 1687 1605 1661 1355 1360 1189 1278 1062 1027 1052 1084 1013 1026 915 926 1029 0 1013 1023 875 1110 1057 862 1120 927 1073 1069 1004 1275 1274 1129 1266 1495 1548 1591 2046 1706 0 1998 1704 2022 1705 1800 1674 1766 1593 1711 1474 1491 1566 1456 1445 1524 1371 1545 1278 1606 1364 0 1475 1513 1537 1813 1863 1681 1885 2170 1907 2008 1948 2325 2094 1713 2084 1670 1811 1720 1743 1603 1693 0 1386 1515 1639 1542 1588 1540 1784 1751 1425 1836 1604 1565 1581 1507 1762 1769 1448 1654 1872 1914 0 0 0 0 1844 2103 1925 2023 1811 2206 1907 1968 2026 2096 2032 2029 1730 1607 1666 1454 1341 1354 1247 1213 0 942 1152 931 1080 981 904 1006 1003 814 779 848 817 756 828 690 696 579 622 514 528 0 499 506 450 504 414 483 504 473 474 452 621 587 512 611 652 723 645 656 850 777 720 0 719 812 741 646 703 778 767 611 800 699 795 781 830 816 912 843 851 847 788 687 0 700 573 499 377 388 288 294 241 201 168 167 125 114 102 108 68 57 54 49 16 0 18 10 7 5 9 2 1 1 0 2 0 0 0 0 0 1 0 0 2 0 0 1 ]
2[
0 0 0 0 0 0 0 0 0 0 0 0 0 0 0 0 0 0 0 0 0 0 0 0 0 0 0 0 0 0 0 0 0 0 0 0 0 0 0 0 0 0 0 0 0 0 0 0 0 0 0 0 0 0 0 0 0 0 0 0 0 0 0 0 0 0 0 0 0 0 0 0 0 0 0 0 0 0 0 0 0 0 0 0 0 0 0 0 0 0 0 0 0 0 0 0 0 1 0 0 0 0 0 1 1 0 0 0 1 0 8 6 0 0 0 10 9 0 0 20 0 0 37 0 32 0 41 0 53 0 74 0 0 0 0 103 132 0 179 193 242 0 0 0 0 0 238 336 0 0 386 404 0 483 0 0 0 0 607 628 0 771 0 785 0 0 1001 1016 0 0 0 1177 0 1269 1332 0 0 0 1446 1487 0 0 0 1457 0 1574 0 1585 0 0 1591 1557 0 0 1569 0 0 1660 0 1648 0 1420 0 0 1559 1418 0 0 0 1384 0 0 1319 1342 1156 0 1120 0 0 0 0 955 969 0 0 828 782 0 752 0 0 0 737 0 719 0 700 0 628 0 0 673 587 0 0 0 617 0 610 0 0 0 592 557 0 213570 ]
